Error          POP_SIZE       Dim            mChance_1      mChance_2      mChance_3      Time
6.21469e-09    100            2              20             30             20             1.33146        
3.44146e-09    200            2              20             30             20             1.84554        
1.63425e-12    400            2              20             30             20             6.68132        
3.55271e-15    800            2              20             30             20             4.94211        
3.34349e-10    1000           2              20             30             20             9.74856    
-------------------------------------------------------------------------------------------------    
2.48457e-05    100            4              20             30             20             1.78238        
4.1307e-06     200            4              20             30             20             3.97358        
6.35536e-07    400            4              20             30             20             8.61655        
2.17916e-07    800            4              20             30             20             18.7941        
1.15632e-07    1000           4              20             30             20             24.21  
-------------------------------------------------------------------------------------------------        
1.047          100            8              20             30             20             2.13993        
0.0508701      200            8              20             30             20             5.94512        
0.0283867      400            8              20             30             20             12.9945        
0.00454871     800            8              20             30             20             28.1602        
0.00689544     1000           8              20             30             20             41.097  
-------------------------------------------------------------------------------------------------       
19.4968        100            16             20             30             20             4.64327        
16.8514        200            16             20             30             20             10.4702        
9.18334        400            16             20             30             20             24.3728        
